0.3
20 10
1 2 3 4 6 8 9 15 17 19
0 19
1 912
2 659
3 427
4 100
5 645
6 514
7 748
8 430
9 624
10 648
11 520
12 778
13 855
14 604
15 864
16 551
17 335
18 795
19 937
1 19
0 912
2 577
3 661
4 1012
5 712
6 910
7 254
8 833
9 664
10 636
11 512
12 185
13 422
14 688
15 627
16 361
17 778
18 856
19 26
2 19
0 659
1 577
3 499
4 559
5 653
6 703
7 415
8 265
9 295
10 59
11 824
12 445
13 489
14 727
15 330
16 216
17 324
18 970
19 594
3 19
0 427
1 661
2 499
4 527
5 792
6 941
7 545
8 764
9 204
10 558
11 917
12 476
13 713
14 1031
15 437
16 617
17 762
18 959
19 673
4 19
0 100
1 1012
2 559
3 527
5 745
6 614
7 848
8 330
9 724
10 548
11 620
12 878
13 955
14 704
15 889
16 651
17 235
18 881
19 1037
5 19
0 645
1 712
2 653
3 792
4 745
6 625
7 622
8 918
9 937
10 712
11 225
12 691
13 490
14 405
15 355
16 555
17 972
18 968
19 686
6 19
0 514
1 910
2 703
3 941
4 614
5 625
7 961
8 944
9 998
10 762
11 400
12 892
13 735
14 580
15 980
16 831
17 414
18 343
19 933
7 19
0 748
1 254
2 415
3 545
4 848
5 622
6 961
8 667
9 512
10 474
11 561
12 69
13 306
14 710
15 501
16 199
17 616
18 792
19 273
8 19
0 430
1 833
2 265
3 764
4 330
5 918
6 944
7 667
9 560
10 293
11 950
12 710
13 754
14 992
15 595
16 481
17 565
18 945
19 859
9 19
0 624
1 664
2 295
3 204
4 724
5 937
6 998
7 512
8 560
10 354
11 713
12 479
13 716
14 890
15 625
16 413
17 619
18 1126
19 683
10 19
0 648
1 636
2 59
3 558
4 548
5 712
6 762
7 474
8 293
9 354
11 830
12 504
13 495
14 786
15 389
16 275
17 383
18 1029
19 653
11 19
0 520
1 512
2 824
3 917
4 620
5 225
6 400
7 561
8 950
9 713
10 830
12 492
13 335
14 180
15 580
16 691
17 814
18 743
19 536
12 19
0 778
1 185
2 445
3 476
4 878
5 691
6 892
7 69
8 710
9 479
10 504
11 492
13 237
14 672
15 570
16 229
17 646
18 861
19 204
13 19
0 855
1 422
2 489
3 713
4 955
5 490
6 735
7 306
8 754
9 716
10 495
11 335
12 237
14 515
15 467
16 466
17 813
18 1078
19 441
14 19
0 604
1 688
2 727
3 1031
4 704
5 405
6 580
7 710
8 992
9 890
10 786
11 180
12 672
13 515
15 760
16 511
17 928
18 923
19 662
15 19
0 864
1 627
2 330
3 437
4 889
5 355
6 980
7 501
8 595
9 625
10 389
11 580
12 570
13 467
14 760
16 546
17 654
18 1293
19 653
16 19
0 551
1 361
2 216
3 617
4 651
5 555
6 831
7 199
8 481
9 413
10 275
11 691
12 229
13 466
14 511
15 546
17 417
18 991
19 386
17 19
0 335
1 778
2 324
3 762
4 235
5 972
6 414
7 616
8 565
9 619
10 383
11 814
12 646
13 813
14 928
15 654
16 417
18 646
19 803
18 19
0 795
1 856
2 970
3 959
4 881
5 968
6 343
7 792
8 945
9 1126
10 1029
11 743
12 861
13 1078
14 923
15 1293
16 991
17 646
19 830
19 19
0 937
1 26
2 594
3 673
4 1037
5 686
6 933
7 273
8 859
9 683
10 653
11 536
12 204
13 441
14 662
15 653
16 386
17 803
18 830
