1.0
20 10
2 4 5 6 8 13 14 15 16 17
0 19
1 593
2 716
3 530
4 626
5 365
6 124
7 244
8 508
9 616
10 459
11 511
12 492
13 652
14 230
15 568
16 1017
17 298
18 224
19 1082
1 19
0 593
2 606
3 777
4 546
5 440
6 638
7 607
8 85
9 419
10 284
11 253
12 270
13 654
14 823
15 474
16 427
17 715
18 619
19 860
2 19
0 716
1 606
3 843
4 933
5 351
6 740
7 694
8 598
9 780
10 778
11 353
12 521
13 770
14 946
15 539
16 458
17 626
18 714
19 1111
3 19
0 530
1 777
2 843
4 698
5 496
6 525
7 288
8 829
9 1107
10 905
11 686
12 666
13 535
14 738
15 304
16 1130
17 391
18 625
19 858
4 19
0 626
1 546
2 933
3 698
5 833
6 691
7 484
8 631
9 965
10 533
11 776
12 699
13 163
14 854
15 394
16 973
17 517
18 791
19 798
5 19
0 365
1 440
2 351
3 496
4 833
6 489
7 358
8 479
9 661
10 427
11 234
12 170
13 706
14 595
15 586
16 695
17 316
18 414
19 760
6 19
0 124
1 638
2 740
3 525
4 691
5 489
7 237
8 632
9 720
10 583
11 387
12 368
13 645
14 354
15 444
16 893
17 174
18 100
19 958
7 19
0 244
1 607
2 694
3 288
4 484
5 358
6 237
8 636
9 824
10 703
11 592
12 528
13 408
14 450
15 378
16 1034
17 108
18 337
19 968
8 19
0 508
1 85
2 598
3 829
4 631
5 479
6 632
7 636
9 334
10 369
11 245
12 355
13 724
14 738
15 559
16 512
17 744
18 704
19 945
9 19
0 616
1 419
2 780
3 1107
4 965
5 661
6 720
7 824
8 334
10 703
11 427
12 689
13 1034
14 846
15 803
16 846
17 894
18 762
19 1279
10 19
0 459
1 284
2 778
3 905
4 533
5 427
6 583
7 703
8 369
9 703
11 537
12 257
13 370
14 689
15 601
16 688
17 743
18 606
19 847
11 19
0 511
1 253
2 353
3 686
4 776
5 234
6 387
7 592
8 245
9 427
10 537
12 404
13 613
14 741
15 382
16 680
17 550
18 487
19 972
12 19
0 492
1 270
2 521
3 666
4 699
5 170
6 368
7 528
8 355
9 689
10 257
11 404
13 536
14 669
15 744
16 525
17 486
18 349
19 590
13 19
0 652
1 654
2 770
3 535
4 163
5 706
6 645
7 408
8 724
9 1034
10 370
11 613
12 536
14 831
15 231
16 1040
17 472
18 745
19 635
14 19
0 230
1 823
2 946
3 738
4 854
5 595
6 354
7 450
8 738
9 846
10 689
11 741
12 669
13 831
15 615
16 1194
17 361
18 320
19 1009
15 19
0 568
1 474
2 539
3 304
4 394
5 586
6 444
7 378
8 559
9 803
10 601
11 382
12 744
13 231
14 615
16 826
17 270
18 544
19 590
16 19
0 1017
1 427
2 458
3 1130
4 973
5 695
6 893
7 1034
8 512
9 846
10 688
11 680
12 525
13 1040
14 1194
15 826
17 1011
18 874
19 1115
17 19
0 298
1 715
2 626
3 391
4 517
5 316
6 174
7 108
8 744
9 894
10 743
11 550
12 486
13 472
14 361
15 270
16 1011
18 274
19 860
18 19
0 224
1 619
2 714
3 625
4 791
5 414
6 100
7 337
8 704
9 762
10 606
11 487
12 349
13 745
14 320
15 544
16 874
17 274
19 939
19 19
0 1082
1 860
2 1111
3 858
4 798
5 760
6 958
7 968
8 945
9 1279
10 847
11 972
12 590
13 635
14 1009
15 590
16 1115
17 860
18 939
