0.3
40 20
3 4 5 8 9 12 13 14 15 18 19 20 22 27 28 29 32 33 36 38
0 39
1 480
2 552
3 863
4 1053
5 621
6 648
7 756
8 972
9 450
10 812
11 964
12 805
13 836
14 891
15 1122
16 568
17 733
18 1078
19 749
20 651
21 924
22 565
23 38
24 795
25 590
26 1076
27 846
28 1071
29 1043
30 491
31 441
32 1035
33 1067
34 816
35 1120
36 833
37 1044
38 501
39 865
1 39
0 480
2 301
3 849
4 1035
5 488
6 557
7 619
8 943
9 736
10 332
11 935
12 668
13 745
14 576
15 642
16 973
17 822
18 763
19 679
20 171
21 777
22 85
23 442
24 371
25 837
26 995
27 755
28 867
29 563
30 354
31 412
32 1022
33 745
34 596
35 640
36 1119
37 731
38 489
39 843
2 39
0 552
1 301
3 563
4 1083
5 510
6 326
7 694
8 642
9 676
10 633
11 634
12 713
13 514
14 649
15 916
16 968
17 897
18 836
19 754
20 246
21 915
22 231
23 590
24 336
25 663
26 918
27 524
28 747
29 646
30 429
31 111
32 721
33 664
34 310
35 786
36 1046
37 714
38 209
39 808
3 39
0 863
1 849
2 563
4 881
5 804
6 520
7 1051
8 1205
9 619
10 1181
11 1138
12 1007
13 708
14 1004
15 859
16 548
17 898
18 817
19 918
20 809
21 802
22 764
23 901
24 802
25 606
26 736
27 322
28 458
29 492
30 938
31 674
32 1051
33 696
34 253
35 1141
36 957
37 609
38 667
39 941
4 39
0 1053
1 1035
2 1083
3 881
5 1008
6 757
7 1305
8 1503
9 809
10 1346
11 995
12 1188
13 945
14 1179
15 1389
16 1399
17 1133
18 1294
19 1108
20 982
21 645
22 950
23 1015
24 866
25 463
26 973
27 559
28 989
29 727
30 1142
31 972
32 908
33 841
34 816
35 1286
36 1175
37 846
38 904
39 394
5 39
0 621
1 488
2 510
3 804
4 1008
6 680
7 297
8 796
9 248
10 654
11 910
12 203
13 868
14 487
15 864
16 1040
17 890
18 674
19 481
20 317
21 750
22 460
23 583
24 174
25 967
26 876
27 482
28 679
29 484
30 134
31 621
32 997
33 688
34 614
35 913
36 631
37 649
38 719
39 646
6 39
0 648
1 557
2 326
3 520
4 757
5 680
7 977
8 746
9 928
10 889
11 738
12 883
13 188
14 735
15 632
16 642
17 1039
18 922
19 904
20 572
21 830
22 517
23 686
24 662
25 989
26 612
27 198
28 486
29 653
30 755
31 215
32 825
33 857
34 636
35 1072
36 1051
37 485
38 147
39 1081
7 39
0 756
1 619
2 694
3 1051
4 1305
5 297
6 977
8 927
9 545
10 582
11 1164
12 493
13 1034
14 484
15 567
16 1228
17 1099
18 671
19 778
20 448
21 937
22 704
23 794
24 471
25 1114
26 1039
27 779
28 593
29 781
30 265
31 805
32 1251
33 985
34 911
35 1044
36 928
37 946
38 903
39 943
8 39
0 972
1 943
2 642
3 1205
4 1503
5 796
6 746
7 927
9 1044
10 1275
11 888
12 666
13 579
14 1167
15 1378
16 1033
17 1243
18 1019
19 1277
20 845
21 1511
22 873
23 1010
24 970
25 1246
26 1342
27 944
28 1167
29 1066
30 662
31 531
32 801
33 862
34 952
35 417
36 1427
37 1134
38 633
39 1309
9 39
0 450
1 736
2 676
3 619
4 809
5 248
6 928
7 545
8 1044
10 685
11 1158
12 451
13 1116
14 441
15 972
16 792
17 998
18 628
19 299
20 565
21 666
22 708
23 488
24 422
25 719
26 628
27 730
28 927
29 732
30 382
31 787
32 1164
33 617
34 366
35 1062
36 383
37 612
38 885
39 415
10 39
0 812
1 332
2 633
3 1181
4 1346
5 654
6 889
7 582
8 1275
9 685
11 1267
12 857
13 963
14 244
15 974
16 1305
17 1154
18 431
19 984
20 503
21 1059
22 417
23 774
24 480
25 1169
26 799
27 1087
28 1076
29 754
30 686
31 744
32 1354
33 958
34 928
35 972
36 1068
37 922
38 821
39 952
11 39
0 964
1 935
2 634
3 1138
4 995
5 910
6 738
7 1164
8 888
9 1158
10 1267
12 1113
13 926
14 1159
15 948
16 1380
17 1297
18 1073
19 1373
20 880
21 1085
22 865
23 1002
24 970
25 532
26 832
27 936
28 1159
29 1120
30 899
31 523
32 87
33 916
34 885
35 471
36 1248
37 1126
38 625
39 1336
12 39
0 805
1 668
2 713
3 1007
4 1188
5 203
6 883
7 493
8 666
9 451
10 857
11 1113
13 1071
14 690
15 1060
16 1243
17 1093
18 877
19 684
20 497
21 887
22 663
23 786
24 377
25 1163
26 1079
27 685
28 882
29 687
30 314
31 824
32 1200
33 891
34 817
35 1083
36 834
37 852
38 922
39 794
13 39
0 836
1 745
2 514
3 708
4 945
5 868
6 188
7 1034
8 579
9 1116
10 963
11 926
12 1071
14 923
15 820
16 454
17 851
18 1110
19 1063
20 586
21 1018
22 705
23 874
24 850
25 1177
26 800
27 386
28 674
29 812
30 769
31 403
32 1013
33 1016
34 824
35 996
36 863
37 644
38 335
39 1261
14 39
0 891
1 576
2 649
3 1004
4 1179
5 487
6 735
7 484
8 1167
9 441
10 244
11 1159
12 690
13 923
15 1051
16 1233
17 1029
18 187
19 740
20 747
21 892
22 599
23 929
24 313
25 1018
26 555
27 933
28 832
29 623
30 621
31 636
32 1173
33 827
34 751
35 789
36 824
37 788
38 738
39 785
15 39
0 1122
1 642
2 916
3 859
4 1389
5 864
6 632
7 567
8 1378
9 972
10 974
11 948
12 1060
13 820
14 1051
16 661
17 1058
18 1170
19 1271
20 813
21 1342
22 727
23 1084
24 763
25 959
26 1244
27 830
28 1118
29 965
30 832
31 847
32 861
33 1169
34 606
35 1245
36 1070
37 1117
38 779
39 1235
16 39
0 568
1 973
2 968
3 548
4 1399
5 1040
6 642
7 1228
8 1033
9 792
10 1305
11 1380
12 1243
13 454
14 1233
15 661
17 397
18 1365
19 1058
20 1040
21 1350
22 1058
23 531
24 1113
25 1083
26 1111
27 840
28 1006
29 803
30 1059
31 857
32 1467
33 778
34 801
35 1223
36 409
37 971
38 789
39 1207
17 39
0 733
1 822
2 897
3 898
4 1133
5 890
6 1039
7 1099
8 1243
9 998
10 1154
11 1297
12 1093
13 851
14 1029
15 1058
16 397
18 1216
19 993
20 651
21 1079
22 907
23 771
24 716
25 1317
26 1275
27 861
28 1356
29 406
30 834
31 1008
32 1210
33 381
34 1151
35 826
36 806
37 574
38 1106
39 828
18 39
0 1078
1 763
2 836
3 817
4 1294
5 674
6 922
7 671
8 1019
9 628
10 431
11 1073
12 877
13 1110
14 187
15 1170
16 1365
17 1216
19 927
20 934
21 989
22 786
23 1116
24 500
25 831
26 742
27 1120
28 645
29 810
30 808
31 823
32 986
33 1014
34 564
35 602
36 1011
37 975
38 925
39 972
19 39
0 749
1 679
2 754
3 918
4 1108
5 481
6 904
7 778
8 1277
9 299
10 984
11 1373
12 684
13 1063
14 740
15 1271
16 1058
17 993
18 927
20 508
21 965
22 764
23 787
24 655
25 1018
26 541
27 706
28 1160
29 587
30 615
31 865
32 1460
33 791
34 665
35 1104
36 649
37 419
38 963
39 714
20 39
0 651
1 171
2 246
3 809
4 982
5 317
6 572
7 448
8 845
9 565
10 503
11 880
12 497
13 586
14 747
15 813
16 1040
17 651
18 934
19 508
21 948
22 256
23 613
24 491
25 666
26 824
27 586
28 993
29 734
30 183
31 357
32 967
33 910
34 556
35 596
36 948
37 831
38 455
39 963
21 39
0 924
1 777
2 915
3 802
4 645
5 750
6 830
7 937
8 1511
9 666
10 1059
11 1085
12 887
13 1018
14 892
15 1342
16 1350
17 1079
18 989
19 965
20 948
22 862
23 886
24 579
25 553
26 1294
27 1028
28 344
29 700
30 884
31 980
32 998
33 698
34 906
35 1143
36 1049
37 868
38 977
39 251
22 39
0 565
1 85
2 231
3 764
4 950
5 460
6 517
7 704
8 873
9 708
10 417
11 865
12 663
13 705
14 599
15 727
16 1058
17 907
18 786
19 764
20 256
21 862
23 527
24 286
25 864
26 1080
27 715
28 782
29 596
30 439
31 342
32 939
33 800
34 511
35 555
36 1091
37 742
38 440
39 758
23 39
0 38
1 442
2 590
3 901
4 1015
5 583
6 686
7 794
8 1010
9 488
10 774
11 1002
12 786
13 874
14 929
15 1084
16 531
17 771
18 1116
19 787
20 613
21 886
22 527
24 757
25 552
26 1039
27 884
28 1033
29 1005
30 529
31 479
32 997
33 1105
34 854
35 1082
36 871
37 1082
38 539
39 903
24 39
0 795
1 371
2 336
3 802
4 866
5 174
6 662
7 471
8 970
9 422
10 480
11 970
12 377
13 850
14 313
15 763
16 1113
17 716
18 500
19 655
20 491
21 579
22 286
23 757
25 999
26 868
27 656
28 853
29 310
30 308
31 447
32 1057
33 514
34 646
35 841
36 805
37 475
38 545
39 472
25 39
0 590
1 837
2 663
3 606
4 463
5 967
6 989
7 1114
8 1246
9 719
10 1169
11 532
12 1163
13 1177
14 1018
15 959
16 1083
17 1317
18 831
19 1018
20 666
21 553
22 864
23 552
24 999
26 1342
27 928
28 897
29 1098
30 849
31 774
32 445
33 1251
34 353
35 829
36 1089
37 1215
38 872
39 804
26 39
0 1076
1 995
2 918
3 736
4 973
5 876
6 612
7 1039
8 1342
9 628
10 799
11 832
12 1079
13 800
14 555
15 1244
16 1111
17 1275
18 742
19 541
20 824
21 1294
22 1080
23 1039
24 868
25 1342
27 414
28 1098
29 869
30 1007
31 811
32 919
33 1073
34 989
35 1303
36 702
37 701
38 709
39 1043
27 39
0 846
1 755
2 524
3 322
4 559
5 482
6 198
7 779
8 944
9 730
10 1087
11 936
12 685
13 386
14 933
15 830
16 840
17 861
18 1120
19 706
20 586
21 1028
22 715
23 884
24 656
25 928
26 414
28 684
29 455
30 616
31 413
32 1023
33 659
34 575
35 1104
36 1113
37 287
38 345
39 904
28 39
0 1071
1 867
2 747
3 458
4 989
5 679
6 486
7 593
8 1167
9 927
10 1076
11 1159
12 882
13 674
14 832
15 1118
16 1006
17 1356
18 645
19 1160
20 993
21 344
22 782
23 1033
24 853
25 897
26 1098
27 684
29 950
30 813
31 636
32 1246
33 1042
34 711
35 1247
36 845
37 971
38 633
39 595
29 39
0 1043
1 563
2 646
3 492
4 727
5 484
6 653
7 781
8 1066
9 732
10 754
11 1120
12 687
13 812
14 623
15 965
16 803
17 406
18 810
19 587
20 734
21 700
22 596
23 1005
24 310
25 1098
26 869
27 455
28 950
30 618
31 757
32 1033
33 204
34 745
35 649
36 1115
37 168
38 800
39 449
30 39
0 491
1 354
2 429
3 938
4 1142
5 134
6 755
7 265
8 662
9 382
10 686
11 899
12 314
13 769
14 621
15 832
16 1059
17 834
18 808
19 615
20 183
21 884
22 439
23 529
24 308
25 849
26 1007
27 616
28 813
29 618
31 540
32 986
33 741
34 739
35 779
36 765
37 722
38 638
39 780
31 39
0 441
1 412
2 111
3 674
4 972
5 621
6 215
7 805
8 531
9 787
10 744
11 523
12 824
13 403
14 636
15 847
16 857
17 1008
18 823
19 865
20 357
21 980
22 342
23 479
24 447
25 774
26 811
27 413
28 636
29 757
30 540
32 610
33 775
34 421
35 897
36 1157
37 603
38 102
39 919
32 39
0 1035
1 1022
2 721
3 1051
4 908
5 997
6 825
7 1251
8 801
9 1164
10 1354
11 87
12 1200
13 1013
14 1173
15 861
16 1467
17 1210
18 986
19 1460
20 967
21 998
22 939
23 997
24 1057
25 445
26 919
27 1023
28 1246
29 1033
30 986
31 610
33 829
34 798
35 384
36 1161
37 1201
38 712
39 1249
33 39
0 1067
1 745
2 664
3 696
4 841
5 688
6 857
7 985
8 862
9 617
10 958
11 916
12 891
13 1016
14 827
15 1169
16 778
17 381
18 1014
19 791
20 910
21 698
22 800
23 1105
24 514
25 1251
26 1073
27 659
28 1042
29 204
30 741
31 775
32 829
34 949
35 445
36 1000
37 372
38 873
39 447
34 39
0 816
1 596
2 310
3 253
4 816
5 614
6 636
7 911
8 952
9 366
10 928
11 885
12 817
13 824
14 751
15 606
16 801
17 1151
18 564
19 665
20 556
21 906
22 511
23 854
24 646
25 353
26 989
27 575
28 711
29 745
30 739
31 421
32 798
33 949
35 1066
36 736
37 862
38 519
39 781
35 39
0 1120
1 640
2 786
3 1141
4 1286
5 913
6 1072
7 1044
8 417
9 1062
10 972
11 471
12 1083
13 996
14 789
15 1245
16 1223
17 826
18 602
19 1104
20 596
21 1143
22 555
23 1082
24 841
25 829
26 1303
27 1104
28 1247
29 649
30 779
31 897
32 384
33 445
34 1066
36 1445
37 817
38 995
39 892
36 39
0 833
1 1119
2 1046
3 957
4 1175
5 631
6 1051
7 928
8 1427
9 383
10 1068
11 1248
12 834
13 863
14 824
15 1070
16 409
17 806
18 1011
19 649
20 948
21 1049
22 1091
23 871
24 805
25 1089
26 702
27 1113
28 845
29 1115
30 765
31 1157
32 1161
33 1000
34 736
35 1445
37 995
38 1198
39 798
37 39
0 1044
1 731
2 714
3 609
4 846
5 649
6 485
7 946
8 1134
9 612
10 922
11 1126
12 852
13 644
14 788
15 1117
16 971
17 574
18 975
19 419
20 831
21 868
22 742
23 1082
24 475
25 1215
26 701
27 287
28 971
29 168
30 722
31 603
32 1201
33 372
34 862
35 817
36 995
38 632
39 617
38 39
0 501
1 489
2 209
3 667
4 904
5 719
6 147
7 903
8 633
9 885
10 821
11 625
12 922
13 335
14 738
15 779
16 789
17 1106
18 925
19 963
20 455
21 977
22 440
23 539
24 545
25 872
26 709
27 345
28 633
29 800
30 638
31 102
32 712
33 873
34 519
35 995
36 1198
37 632
39 1017
39 39
0 865
1 843
2 808
3 941
4 394
5 646
6 1081
7 943
8 1309
9 415
10 952
11 1336
12 794
13 1261
14 785
15 1235
16 1207
17 828
18 972
19 714
20 963
21 251
22 758
23 903
24 472
25 804
26 1043
27 904
28 595
29 449
30 780
31 919
32 1249
33 447
34 781
35 892
36 798
37 617
38 1017
