1.0
40 20
1 2 3 6 7 9 10 11 14 19 20 21 22 25 26 28 30 33 38 39
0 39
1 696
2 344
3 715
4 283
5 624
6 1200
7 757
8 646
9 910
10 1155
11 1076
12 689
13 1000
14 1120
15 796
16 840
17 618
18 690
19 544
20 715
21 945
22 137
23 663
24 1041
25 1110
26 800
27 873
28 870
29 663
30 834
31 547
32 603
33 663
34 1077
35 444
36 766
37 573
38 865
39 778
1 39
0 696
2 449
3 78
4 618
5 621
6 1100
7 236
8 719
9 850
10 1055
11 935
12 212
13 523
14 1339
15 961
16 672
17 516
18 588
19 869
20 870
21 863
22 559
23 882
24 868
25 859
26 783
27 834
28 946
29 998
30 907
31 931
32 810
33 603
34 995
35 787
36 1142
37 771
38 967
39 827
2 39
0 344
1 449
3 371
4 627
5 968
6 899
7 685
8 611
9 629
10 854
11 1020
12 661
13 836
14 982
15 860
16 559
17 962
18 1034
19 888
20 757
21 910
22 481
23 1007
24 1004
25 1050
26 1144
27 1127
28 824
29 1007
30 799
31 482
32 947
33 382
34 1042
35 788
36 693
37 917
38 859
39 434
3 39
0 715
1 78
2 371
4 696
5 699
6 1178
7 314
8 797
9 782
10 1133
11 975
12 290
13 601
14 1293
15 949
16 648
17 594
18 666
19 791
20 846
21 859
22 637
23 960
24 946
25 937
26 861
27 756
28 937
29 966
30 985
31 853
32 732
33 535
34 985
35 709
36 1064
37 849
38 1025
39 749
4 39
0 283
1 618
2 627
3 696
5 341
6 981
7 474
8 929
9 641
10 936
11 793
12 406
13 717
14 837
15 584
16 571
17 474
18 546
19 424
20 687
21 973
22 420
23 380
24 1024
25 827
26 1083
27 590
28 839
29 380
30 1027
31 421
32 483
33 394
34 1096
35 524
36 640
37 498
38 927
39 1061
5 39
0 624
1 621
2 968
3 699
4 341
6 875
7 477
8 1119
9 614
10 920
11 979
12 409
13 720
14 1178
15 925
16 827
17 412
18 340
19 466
20 964
21 1025
22 593
23 721
24 992
25 997
26 1233
27 760
28 959
29 721
30 1141
31 762
32 525
33 650
34 893
35 392
36 978
37 157
38 871
39 1230
6 39
0 1200
1 1100
2 899
3 1178
4 981
5 875
7 1100
8 642
9 682
10 45
11 317
12 1032
13 721
14 377
15 730
16 998
17 1133
18 1205
19 656
20 812
21 359
22 1063
23 834
24 1035
25 241
26 1276
27 422
28 794
29 601
30 830
31 699
32 620
33 929
34 227
35 756
36 480
37 1025
38 882
39 465
7 39
0 757
1 236
2 685
3 314
4 474
5 477
6 1100
8 955
9 706
10 1055
11 906
12 68
13 379
14 1103
15 725
16 636
17 327
18 399
19 898
20 828
21 822
22 795
23 646
24 655
25 859
26 896
27 1064
28 925
29 854
30 1143
31 839
32 957
33 459
34 954
35 869
36 975
37 582
38 1013
39 1063
8 39
0 646
1 719
2 611
3 797
4 929
5 1119
6 642
7 955
9 692
10 597
11 552
12 931
13 793
14 698
15 817
16 516
17 995
18 1066
19 866
20 714
21 299
22 783
23 806
24 747
25 476
26 988
27 625
28 227
29 835
30 188
31 645
32 807
33 693
34 431
35 937
36 864
37 1149
38 248
39 177
9 39
0 910
1 850
2 629
3 782
4 641
5 614
6 682
7 706
8 692
10 727
11 840
12 638
13 701
14 1005
15 725
16 424
17 712
18 640
19 685
20 622
21 587
22 892
23 1021
24 1068
25 764
26 1309
27 970
28 532
29 1004
30 880
31 627
32 744
33 247
34 455
35 585
36 479
37 457
38 444
39 869
10 39
0 1155
1 1055
2 854
3 1133
4 936
5 920
6 45
7 1055
8 597
9 727
11 272
12 987
13 676
14 422
15 685
16 953
17 1088
18 1160
19 611
20 767
21 373
22 1018
23 879
24 990
25 196
26 1231
27 377
28 782
29 556
30 785
31 654
32 665
33 910
34 272
35 711
36 435
37 980
38 845
39 420
11 39
0 1076
1 935
2 1020
3 975
4 793
5 979
6 317
7 906
8 552
9 840
10 272
12 842
13 556
14 694
15 598
16 693
17 921
18 993
19 883
20 495
21 253
22 1213
23 1052
24 912
25 76
26 1153
27 219
28 779
29 413
30 656
31 673
32 937
33 638
34 385
35 970
36 454
37 822
38 800
39 692
12 39
0 689
1 212
2 661
3 290
4 406
5 409
6 1032
7 68
8 931
9 638
10 987
11 842
13 311
14 1149
15 793
16 568
17 304
18 376
19 830
20 766
21 754
22 771
23 714
24 656
25 791
26 897
27 996
28 857
29 786
30 1119
31 771
32 889
33 391
34 886
35 801
36 990
37 559
38 945
39 1039
13 39
0 1000
1 523
2 836
3 601
4 717
5 720
6 721
7 379
8 793
9 701
10 676
11 556
12 311
14 953
15 578
16 277
17 615
18 687
19 569
20 475
21 657
22 976
23 496
24 921
25 480
26 1162
27 717
28 566
29 927
30 950
31 834
32 628
33 454
34 789
35 669
36 828
37 870
38 654
39 956
14 39
0 1120
1 1339
2 982
3 1293
4 837
5 1178
6 377
7 1103
8 698
9 1005
10 422
11 694
12 1149
13 953
15 1107
16 935
17 1016
18 944
19 1033
20 1133
21 736
22 1257
23 457
24 1118
25 618
26 1359
27 799
28 925
29 978
30 886
31 1076
32 997
33 758
34 604
35 1133
36 857
37 1127
38 946
39 548
15 39
0 796
1 961
2 860
3 949
4 584
5 925
6 730
7 725
8 817
9 725
10 685
11 598
12 793
13 578
14 1107
16 301
17 1041
18 1045
19 1008
20 103
21 851
22 659
23 964
24 549
25 674
26 790
27 817
28 590
29 964
30 974
31 469
32 1067
33 478
34 957
35 966
36 250
37 910
38 678
39 980
16 39
0 840
1 672
2 559
3 648
4 571
5 827
6 998
7 636
8 516
9 424
10 953
11 693
12 568
13 277
14 935
15 301
17 740
18 744
19 846
20 198
21 815
22 960
23 773
24 644
25 757
26 885
27 912
28 289
29 934
30 673
31 557
32 905
33 177
34 879
35 755
36 551
37 881
38 377
39 679
17 39
0 618
1 516
2 962
3 594
4 474
5 412
6 1133
7 327
8 995
9 712
10 1088
11 921
12 304
13 615
14 1016
15 1041
16 740
18 72
19 705
20 938
21 1058
22 691
23 559
24 960
25 892
26 1201
27 858
28 977
29 854
30 864
31 870
32 646
33 695
34 1129
35 804
36 1089
37 255
38 1065
39 818
18 39
0 690
1 588
2 1034
3 666
4 546
5 340
6 1205
7 399
8 1066
9 640
10 1160
11 993
12 376
13 687
14 944
15 1045
16 744
17 72
19 777
20 942
21 1130
22 619
23 487
24 1032
25 964
26 1273
27 786
28 905
29 926
30 878
31 942
32 718
33 767
34 1057
35 732
36 1119
37 183
38 993
39 890
19 39
0 544
1 869
2 888
3 791
4 424
5 466
6 656
7 898
8 866
9 685
10 611
11 883
12 830
13 569
14 1033
15 1008
16 846
17 705
18 777
20 1044
21 654
22 407
23 804
24 1259
25 807
26 1018
27 988
28 1083
29 804
30 699
31 845
32 59
33 818
34 786
35 100
36 1046
37 608
38 1079
39 1031
20 39
0 715
1 870
2 757
3 846
4 687
5 964
6 812
7 828
8 714
9 622
10 767
11 495
12 766
13 475
14 1133
15 103
16 198
17 938
18 942
19 1044
21 748
22 762
23 971
24 446
25 571
26 687
27 714
28 487
29 908
30 871
31 572
32 1103
33 375
34 880
35 953
36 353
37 807
38 575
39 877
21 39
0 945
1 863
2 910
3 859
4 973
5 1025
6 359
7 822
8 299
9 587
10 373
11 253
12 754
13 657
14 736
15 851
16 815
17 1058
18 1130
19 654
20 748
22 1024
23 1105
24 1013
25 177
26 1254
27 383
28 526
29 593
30 487
31 926
32 713
33 834
34 132
35 717
36 707
37 986
38 547
39 476
22 39
0 137
1 559
2 481
3 637
4 420
5 593
6 1063
7 795
8 783
9 892
10 1018
11 1213
12 771
13 976
14 1257
15 659
16 960
17 691
18 619
19 407
20 762
21 1024
23 800
24 1178
25 1201
26 937
27 1010
28 1007
29 800
30 971
31 684
32 466
33 800
34 1156
35 307
36 903
37 436
38 1002
39 915
23 39
0 663
1 882
2 1007
3 960
4 380
5 721
6 834
7 646
8 806
9 1021
10 879
11 1052
12 714
13 496
14 457
15 964
16 773
17 559
18 487
19 804
20 971
21 1105
22 800
24 1301
25 976
26 1463
27 970
28 1033
29 760
30 994
31 801
32 863
33 774
34 1061
35 904
36 1020
37 670
38 1054
39 983
24 39
0 1041
1 868
2 1004
3 946
4 1024
5 992
6 1035
7 655
8 747
9 1068
10 990
11 912
12 656
13 921
14 1118
15 549
16 644
17 960
18 1032
19 1259
20 446
21 1013
22 1178
23 1301
25 836
26 241
27 1073
28 933
29 1283
30 935
31 603
32 1200
33 821
34 1145
35 1359
36 799
37 1149
38 995
39 570
25 39
0 1110
1 859
2 1050
3 937
4 827
5 997
6 241
7 859
8 476
9 764
10 196
11 76
12 791
13 480
14 618
15 674
16 757
17 892
18 964
19 807
20 571
21 177
22 1201
23 976
24 836
26 1077
27 237
28 703
29 447
30 664
31 749
32 861
33 714
34 309
35 894
36 530
37 840
38 724
39 616
26 39
0 800
1 783
2 1144
3 861
4 1083
5 1233
6 1276
7 896
8 988
9 1309
10 1231
11 1153
12 897
13 1162
14 1359
15 790
16 885
17 1201
18 1273
19 1018
20 687
21 1254
22 937
23 1463
24 241
25 1077
27 1314
28 1174
29 1463
30 1176
31 844
32 959
33 1062
34 1386
35 1118
36 1040
37 1373
38 1236
39 811
27 39
0 873
1 834
2 1127
3 756
4 590
5 760
6 422
7 1064
8 625
9 970
10 377
11 219
12 996
13 717
14 799
15 817
16 912
17 858
18 786
19 988
20 714
21 383
22 1010
23 970
24 1073
25 237
26 1314
28 821
29 210
30 437
31 892
32 1042
33 857
34 515
35 1088
36 673
37 603
38 873
39 797
28 39
0 870
1 946
2 824
3 937
4 839
5 959
6 794
7 925
8 227
9 532
10 782
11 779
12 857
13 566
14 925
15 590
16 289
17 977
18 905
19 1083
20 487
21 526
22 1007
23 1033
24 933
25 703
26 1174
27 821
29 1031
30 384
31 418
32 1034
33 466
34 658
35 1044
36 637
37 989
38 88
39 390
29 39
0 663
1 998
2 1007
3 966
4 380
5 721
6 601
7 854
8 835
9 1004
10 556
11 413
12 786
13 927
14 978
15 964
16 934
17 854
18 926
19 804
20 908
21 593
22 800
23 760
24 1283
25 447
26 1463
27 210
28 1031
30 647
31 801
32 863
33 757
34 725
35 904
36 867
37 813
38 1083
39 976
30 39
0 834
1 907
2 799
3 985
4 1027
5 1141
6 830
7 1143
8 188
9 880
10 785
11 656
12 1119
13 950
14 886
15 974
16 673
17 864
18 878
19 699
20 871
21 487
22 971
23 994
24 935
25 664
26 1176
27 437
28 384
29 647
31 802
32 758
33 850
34 619
35 749
36 1021
37 1040
38 436
39 365
31 39
0 547
1 931
2 482
3 853
4 421
5 762
6 699
7 839
8 645
9 627
10 654
11 673
12 771
13 834
14 1076
15 469
16 557
17 870
18 942
19 845
20 572
21 926
22 684
23 801
24 603
25 749
26 844
27 892
28 418
29 801
30 802
32 904
33 380
34 926
35 945
36 219
37 919
38 506
39 808
32 39
0 603
1 810
2 947
3 732
4 483
5 525
6 620
7 957
8 807
9 744
10 665
11 937
12 889
13 628
14 997
15 1067
16 905
17 646
18 718
19 59
20 1103
21 713
22 466
23 863
24 1200
25 861
26 959
27 1042
28 1034
29 863
30 758
31 904
33 812
34 845
35 159
36 1100
37 549
38 1020
39 984
33 39
0 663
1 603
2 382
3 535
4 394
5 650
6 929
7 459
8 693
9 247
10 910
11 638
12 391
13 454
14 758
15 478
16 177
17 695
18 767
19 818
20 375
21 834
22 800
23 774
24 821
25 714
26 1062
27 857
28 466
29 757
30 850
31 380
32 812
34 702
35 832
36 599
37 704
38 554
39 816
34 39
0 1077
1 995
2 1042
3 985
4 1096
5 893
6 227
7 954
8 431
9 455
10 272
11 385
12 886
13 789
14 604
15 957
16 879
17 1129
18 1057
19 786
20 880
21 132
22 1156
23 1061
24 1145
25 309
26 1386
27 515
28 658
29 725
30 619
31 926
32 845
33 702
35 849
36 707
37 912
38 679
39 608
35 39
0 444
1 787
2 788
3 709
4 524
5 392
6 756
7 869
8 937
9 585
10 711
11 970
12 801
13 669
14 1133
15 966
16 755
17 804
18 732
19 100
20 953
21 717
22 307
23 904
24 1359
25 894
26 1118
27 1088
28 1044
29 904
30 749
31 945
32 159
33 832
34 849
36 1064
37 549
38 1029
39 1114
36 39
0 766
1 1142
2 693
3 1064
4 640
5 978
6 480
7 975
8 864
9 479
10 435
11 454
12 990
13 828
14 857
15 250
16 551
17 1089
18 1119
19 1046
20 353
21 707
22 903
23 1020
24 799
25 530
26 1040
27 673
28 637
29 867
30 1021
31 219
32 1100
33 599
34 707
35 1064
37 936
38 725
39 855
37 39
0 573
1 771
2 917
3 849
4 498
5 157
6 1025
7 582
8 1149
9 457
10 980
11 822
12 559
13 870
14 1127
15 910
16 881
17 255
18 183
19 608
20 807
21 986
22 436
23 670
24 1149
25 840
26 1373
27 603
28 989
29 813
30 1040
31 919
32 549
33 704
34 912
35 549
36 936
38 901
39 1073
38 39
0 865
1 967
2 859
3 1025
4 927
5 871
6 882
7 1013
8 248
9 444
10 845
11 800
12 945
13 654
14 946
15 678
16 377
17 1065
18 993
19 1079
20 575
21 547
22 1002
23 1054
24 995
25 724
26 1236
27 873
28 88
29 1083
30 436
31 506
32 1020
33 554
34 679
35 1029
36 725
37 901
39 425
39 39
0 778
1 827
2 434
3 749
4 1061
5 1230
6 465
7 1063
8 177
9 869
10 420
11 692
12 1039
13 956
14 548
15 980
16 679
17 818
18 890
19 1031
20 877
21 476
22 915
23 983
24 570
25 616
26 811
27 797
28 390
29 976
30 365
31 808
32 984
33 816
34 608
35 1114
36 855
37 1073
38 425
